BioWare Version 5.1.1.0 Export
Device:	Kistler Grande2 9287BA	Kistler Grande2 9287BA
Samples (#):	500	500
Rate (Hz):	50.000000	50.000000
Contact period start (sample #):	0	0
Contact period end (sample #):	499	499
Contact period start time (s):	0.000000	0.000000
Contact period end time (s):	9.980000	9.980000
First sample time (s):	0.000000	0.000000
Normalized force (N):	689.334961	689.334961
Normalized length (m):	1000.000000	1000.000000
File Information
Date	Nov 09, 2012  09:39:44
Name	
ID	
Classification	
Description	
abs time (s)	Ax	Ay
	m	m
0.000000	0.013748	0.010516
0.020000	0.012769	0.010327
0.040000	0.010753	0.009611
0.060000	0.007601	0.007211
0.080000	0.003956	0.004876
0.100000	0.001129	0.002332
0.120000	0.000128	-0.000343
0.140000	0.001455	-0.002904
0.160000	0.001729	-0.006323
0.180000	0.001493	-0.008919
0.200000	0.002006	-0.011907
0.220000	0.001987	-0.015596
0.240000	0.002562	-0.017588
0.260000	0.002718	-0.019110
0.280000	0.002441	-0.019624
0.300000	0.002489	-0.019229
0.320000	0.001340	-0.017582
0.340000	-0.000865	-0.014501
0.360000	-0.004862	-0.010047
0.380000	-0.008514	-0.005557
0.400000	-0.009472	-0.003513
0.420000	-0.009721	-0.004009
0.440000	-0.010351	-0.006524
0.460000	-0.010066	-0.010064
0.480000	-0.010541	-0.013588
0.500000	-0.011424	-0.016826
0.520000	-0.010591	-0.019308
0.540000	-0.008859	-0.020945
0.560000	-0.006670	-0.022336
0.580000	-0.003643	-0.023246
0.600000	-0.001053	-0.023530
0.620000	0.000713	-0.023666
0.640000	0.001524	-0.023653
0.660000	0.002214	-0.023574
0.680000	0.002947	-0.023248
0.700000	0.002996	-0.022771
0.720000	0.002184	-0.022320
0.740000	0.001402	-0.022096
0.760000	0.002064	-0.021697
0.780000	0.004600	-0.021264
0.800000	0.008117	-0.020142
0.820000	0.013280	-0.018986
0.840000	0.019779	-0.018882
0.860000	0.024488	-0.019720
0.880000	0.025600	-0.020595
0.900000	0.024769	-0.021083
0.920000	0.023929	-0.021110
0.940000	0.021914	-0.020160
0.960000	0.015609	-0.016804
0.980000	0.008800	-0.011948
1.000000	0.003030	-0.007433
1.020000	-0.002438	-0.003978
1.040000	-0.006633	-0.001540
1.060000	-0.008766	0.000456
1.080000	-0.008599	0.002427
1.100000	-0.006973	0.004311
1.120000	-0.005593	0.005506
1.140000	-0.005030	0.006383
1.160000	-0.005003	0.007050
1.180000	-0.004799	0.006813
1.200000	-0.002768	0.005304
1.220000	0.000526	0.002160
1.240000	0.003297	-0.004393
1.260000	0.004450	-0.010968
1.280000	0.006740	-0.015051
1.300000	0.010945	-0.017576
1.320000	0.014962	-0.018706
1.340000	0.017811	-0.018538
1.360000	0.018883	-0.017441
1.380000	0.017891	-0.015011
1.400000	0.015362	-0.011696
1.420000	0.012278	-0.007476
1.440000	0.010247	-0.003087
1.460000	0.008876	0.000732
1.480000	0.006904	0.003631
1.500000	0.004761	0.005654
1.520000	0.003260	0.007046
1.540000	0.002471	0.007842
1.560000	0.002621	0.008686
1.580000	0.003494	0.009506
1.600000	0.004935	0.009880
1.620000	0.006568	0.009802
1.640000	0.008123	0.009855
1.660000	0.009289	0.009982
1.680000	0.009980	0.010311
1.700000	0.010942	0.010999
1.720000	0.012257	0.011627
1.740000	0.013165	0.012454
1.760000	0.014085	0.013242
1.780000	0.015806	0.013663
1.800000	0.017785	0.013946
1.820000	0.018980	0.014384
1.840000	0.019355	0.014728
1.860000	0.019461	0.014952
1.880000	0.019042	0.015020
1.900000	0.017497	0.015212
1.920000	0.015413	0.015397
1.940000	0.014304	0.015218
1.960000	0.014078	0.015359
1.980000	0.014337	0.015653
2.000000	0.015482	0.015000
2.020000	0.016792	0.013957
2.040000	0.018152	0.012867
2.060000	0.019073	0.012023
2.080000	0.019773	0.011206
2.100000	0.019648	0.010529
2.120000	0.019591	0.010414
2.140000	0.020986	0.010681
2.160000	0.022995	0.010386
2.180000	0.025784	0.009000
2.200000	0.030061	0.006850
2.220000	0.033404	0.002454
2.240000	0.034315	-0.002839
2.260000	0.032531	-0.008777
2.280000	0.025429	-0.014957
2.300000	0.018204	-0.018894
2.320000	0.013292	-0.020368
2.340000	0.010022	-0.020412
2.360000	0.007435	-0.019276
2.380000	0.005385	-0.017763
2.400000	0.003577	-0.016406
2.420000	0.002798	-0.015903
2.440000	0.002790	-0.016330
2.460000	0.001250	-0.017093
2.480000	-0.000865	-0.017914
2.500000	-0.004456	-0.018477
2.520000	-0.010486	-0.018315
2.540000	-0.019313	-0.017198
2.560000	-0.028179	-0.015138
2.580000	-0.032914	-0.012413
2.600000	-0.036294	-0.008695
2.620000	-0.038954	-0.004878
2.640000	-0.040604	-0.001812
2.660000	-0.041895	0.000297
2.680000	-0.041857	0.000809
2.700000	-0.040633	0.000648
2.720000	-0.038217	-0.000286
2.740000	-0.035515	-0.002563
2.760000	-0.033488	-0.005571
2.780000	-0.030830	-0.008958
2.800000	-0.027684	-0.012627
2.820000	-0.025487	-0.015390
2.840000	-0.023043	-0.017201
2.860000	-0.019516	-0.018208
2.880000	-0.015599	-0.018324
2.900000	-0.012953	-0.017306
2.920000	-0.011046	-0.015984
2.940000	-0.009260	-0.014757
2.960000	-0.008011	-0.014333
2.980000	-0.007800	-0.014555
3.000000	-0.007164	-0.015588
3.020000	-0.004764	-0.016899
3.040000	-0.001883	-0.017878
3.060000	0.001443	-0.018459
3.080000	0.004656	-0.018113
3.100000	0.007652	-0.017100
3.120000	0.009838	-0.014666
3.140000	0.011813	-0.010880
3.160000	0.014740	-0.006377
3.180000	0.017545	-0.001523
3.200000	0.019426	0.002880
3.220000	0.020191	0.006769
3.240000	0.019781	0.010312
3.260000	0.017813	0.012971
3.280000	0.015996	0.015358
3.300000	0.014644	0.017269
3.320000	0.013364	0.018481
3.340000	0.013037	0.018886
3.360000	0.012934	0.018549
3.380000	0.012837	0.017630
3.400000	0.013830	0.016391
3.420000	0.015316	0.015184
3.440000	0.016185	0.014047
3.460000	0.016321	0.012892
3.480000	0.015912	0.012259
3.500000	0.015304	0.012340
3.520000	0.015673	0.012738
3.540000	0.016462	0.013055
3.560000	0.016619	0.013085
3.580000	0.016930	0.012717
3.600000	0.017362	0.011724
3.620000	0.018058	0.010567
3.640000	0.017570	0.009294
3.660000	0.015636	0.008212
3.680000	0.014232	0.007135
3.700000	0.013472	0.006070
3.720000	0.013777	0.003897
3.740000	0.016483	-0.000807
3.760000	0.015889	-0.008298
3.780000	0.011376	-0.013474
3.800000	0.010600	-0.015003
3.820000	0.014331	-0.013932
3.840000	0.017949	-0.011229
3.860000	0.017523	-0.007678
3.880000	0.011899	-0.004477
3.900000	0.005285	-0.001633
3.920000	0.001545	0.001436
3.940000	-0.000123	0.004763
3.960000	-0.001375	0.007572
3.980000	-0.002447	0.009194
4.000000	-0.002288	0.009470
4.020000	-0.000367	0.008134
4.040000	0.002131	0.005759
4.060000	0.004300	0.002979
4.080000	0.004796	-0.000321
4.100000	0.002987	-0.001876
4.120000	0.001268	-0.002190
4.140000	-0.000881	-0.001917
4.160000	-0.005483	-0.001217
4.180000	-0.011051	-0.000202
4.200000	-0.014377	0.001159
4.220000	-0.014376	0.002926
4.240000	-0.011658	0.005528
4.260000	-0.008526	0.008574
4.280000	-0.005719	0.011701
4.300000	-0.003119	0.014621
4.320000	-0.000988	0.017066
4.340000	0.000023	0.018751
4.360000	0.001404	0.019207
4.380000	0.002435	0.018952
4.400000	0.002387	0.018137
4.420000	0.001852	0.017090
4.440000	0.001122	0.016135
4.460000	0.000514	0.015294
4.480000	0.001412	0.014654
4.500000	0.003020	0.014330
4.520000	0.004080	0.014573
4.540000	0.005248	0.015284
4.560000	0.006791	0.016229
4.580000	0.007300	0.016990
4.600000	0.007774	0.017448
4.620000	0.009337	0.017619
4.640000	0.011894	0.017188
4.660000	0.014782	0.016213
4.680000	0.017400	0.014910
4.700000	0.019305	0.012530
4.720000	0.019829	0.009666
4.740000	0.019253	0.006533
4.760000	0.016085	0.002698
4.780000	0.012675	-0.000377
4.800000	0.010254	-0.003340
4.820000	0.009337	-0.004944
4.840000	0.009953	-0.005011
4.860000	0.010769	-0.004891
4.880000	0.010617	-0.004304
4.900000	0.009851	-0.003340
4.920000	0.009133	-0.002485
4.940000	0.008743	-0.001918
4.960000	0.008350	-0.001635
4.980000	0.007706	-0.002249
5.000000	0.006313	-0.003584
5.020000	0.003858	-0.005075
5.040000	0.000335	-0.006726
5.060000	-0.003087	-0.008169
5.080000	-0.004107	-0.008695
5.100000	-0.003934	-0.007664
5.120000	-0.003427	-0.004777
5.140000	-0.002913	-0.000707
5.160000	-0.003812	0.003597
5.180000	-0.004035	0.007669
5.200000	-0.002739	0.011561
5.220000	-0.001507	0.015239
5.240000	-0.000692	0.018007
5.260000	-0.000259	0.019829
5.280000	-0.000293	0.021391
5.300000	-0.000219	0.022707
5.320000	0.000289	0.023314
5.340000	0.002222	0.023843
5.360000	0.004304	0.024020
5.380000	0.005971	0.023532
5.400000	0.008422	0.023161
5.420000	0.010264	0.022874
5.440000	0.011085	0.022448
5.460000	0.012118	0.022007
5.480000	0.012694	0.021854
5.500000	0.012823	0.021858
5.520000	0.013133	0.022126
5.540000	0.013576	0.022837
5.560000	0.013246	0.023687
5.580000	0.013095	0.025453
5.600000	0.014162	0.027229
5.620000	0.015494	0.028334
5.640000	0.016043	0.027983
5.660000	0.016293	0.026601
5.680000	0.016775	0.025682
5.700000	0.016643	0.024899
5.720000	0.015359	0.024183
5.740000	0.012541	0.023158
5.760000	0.009035	0.021439
5.780000	0.006983	0.019336
5.800000	0.006452	0.017281
5.820000	0.006879	0.015203
5.840000	0.007995	0.013439
5.860000	0.009222	0.011924
5.880000	0.011558	0.010281
5.900000	0.015016	0.007181
5.920000	0.017005	0.002936
5.940000	0.016581	-0.000701
5.960000	0.014551	-0.004805
5.980000	0.011425	-0.008497
6.000000	0.010076	-0.010948
6.020000	0.010119	-0.013267
6.040000	0.010255	-0.016454
6.060000	0.007125	-0.020171
6.080000	0.001938	-0.022919
6.100000	-0.001462	-0.025137
6.120000	-0.003256	-0.027301
6.140000	-0.004123	-0.027822
6.160000	-0.004375	-0.027009
6.180000	-0.001816	-0.025991
6.200000	0.002117	-0.025086
6.220000	0.005031	-0.024056
6.240000	0.006109	-0.023071
6.260000	0.005122	-0.021650
6.280000	0.003605	-0.020682
6.300000	0.001245	-0.019947
6.320000	-0.001846	-0.019509
6.340000	-0.005238	-0.018687
6.360000	-0.006807	-0.017970
6.380000	-0.005137	-0.017382
6.400000	-0.002599	-0.016399
6.420000	0.000188	-0.016304
6.440000	0.001608	-0.017125
6.460000	0.000235	-0.018191
6.480000	-0.002994	-0.018919
6.500000	-0.005401	-0.019311
6.520000	-0.007331	-0.019660
6.540000	-0.009826	-0.019658
6.560000	-0.012915	-0.019686
6.580000	-0.014483	-0.019870
6.600000	-0.012856	-0.020448
6.620000	-0.009761	-0.021151
6.640000	-0.007354	-0.021518
6.660000	-0.005472	-0.020669
6.680000	-0.004527	-0.018621
6.700000	-0.006253	-0.014677
6.720000	-0.008608	-0.008420
6.740000	-0.008936	-0.001896
6.760000	-0.009050	0.003823
6.780000	-0.009471	0.007985
6.800000	-0.011197	0.010743
6.820000	-0.013412	0.012227
6.840000	-0.013209	0.012653
6.860000	-0.011378	0.011835
6.880000	-0.009282	0.009420
6.900000	-0.007614	0.006136
6.920000	-0.007138	0.003486
6.940000	-0.007335	0.000649
6.960000	-0.007641	-0.002795
6.980000	-0.009767	-0.007315
7.000000	-0.014937	-0.012727
7.020000	-0.019513	-0.016597
7.040000	-0.021801	-0.017698
7.060000	-0.021889	-0.016929
7.080000	-0.018098	-0.015728
7.100000	-0.014936	-0.014673
7.120000	-0.015169	-0.013788
7.140000	-0.017720	-0.012558
7.160000	-0.021030	-0.010836
7.180000	-0.024718	-0.008383
7.200000	-0.029365	-0.005491
7.220000	-0.034889	-0.002205
7.240000	-0.040822	0.000719
7.260000	-0.044570	0.003319
7.280000	-0.043828	0.005371
7.300000	-0.041045	0.006953
7.320000	-0.037679	0.008039
7.340000	-0.033928	0.009460
7.360000	-0.031115	0.011165
7.380000	-0.028138	0.012042
7.400000	-0.024595	0.012594
7.420000	-0.021879	0.013372
7.440000	-0.020296	0.014345
7.460000	-0.019014	0.015762
7.480000	-0.017188	0.017080
7.500000	-0.016935	0.017653
7.520000	-0.018324	0.018136
7.540000	-0.020163	0.018286
7.560000	-0.022399	0.018382
7.580000	-0.025949	0.018112
7.600000	-0.030731	0.017613
7.620000	-0.035465	0.016957
7.640000	-0.037699	0.015986
7.660000	-0.036841	0.016059
7.680000	-0.036085	0.016273
7.700000	-0.036364	0.016107
7.720000	-0.036869	0.015801
7.740000	-0.037831	0.014956
7.760000	-0.038854	0.014366
7.780000	-0.039451	0.014241
7.800000	-0.039297	0.014433
7.820000	-0.037620	0.015491
7.840000	-0.036335	0.017038
7.860000	-0.036132	0.018162
7.880000	-0.035968	0.018909
7.900000	-0.034789	0.019629
7.920000	-0.033272	0.020310
7.940000	-0.031567	0.020221
7.960000	-0.029423	0.019569
7.980000	-0.027032	0.018349
8.000000	-0.024113	0.016265
8.020000	-0.021815	0.014140
8.040000	-0.020795	0.012271
8.060000	-0.020313	0.010880
8.080000	-0.020316	0.009526
8.100000	-0.021001	0.006837
8.120000	-0.022791	0.001653
8.140000	-0.026781	-0.002038
8.160000	-0.031447	-0.005258
8.180000	-0.036078	-0.008668
8.200000	-0.039755	-0.010239
8.220000	-0.040800	-0.010249
8.240000	-0.039228	-0.008941
8.260000	-0.034875	-0.007035
8.280000	-0.030591	-0.004688
8.300000	-0.025488	-0.002236
8.320000	-0.020528	0.000066
8.340000	-0.016506	0.001628
8.360000	-0.012136	0.001400
8.380000	-0.008069	-0.001349
8.400000	-0.007290	-0.005935
8.420000	-0.007382	-0.010316
8.440000	-0.004398	-0.015170
8.460000	0.000447	-0.019812
8.480000	0.009175	-0.022930
8.500000	0.019833	-0.024311
8.520000	0.027864	-0.024271
8.540000	0.031843	-0.022779
8.560000	0.032557	-0.019505
8.580000	0.028932	-0.014357
8.600000	0.024391	-0.008100
8.620000	0.024298	-0.002537
8.640000	0.027752	0.001720
8.660000	0.031672	0.004716
8.680000	0.033503	0.005957
8.700000	0.033456	0.004615
8.720000	0.030619	0.000696
8.740000	0.022671	-0.003170
8.760000	0.011667	-0.005804
8.780000	0.004612	-0.007365
8.800000	-0.000616	-0.007201
8.820000	-0.003357	-0.005442
8.840000	-0.002673	-0.002869
8.860000	-0.002499	0.000373
8.880000	-0.000876	0.004159
8.900000	0.002796	0.007977
8.920000	0.006295	0.010678
8.940000	0.009612	0.012824
8.960000	0.012672	0.014756
8.980000	0.014792	0.015391
9.000000	0.016777	0.015434
9.020000	0.017899	0.015608
9.040000	0.018502	0.015867
9.060000	0.019808	0.016086
9.080000	0.019115	0.016032
9.100000	0.017689	0.016568
9.120000	0.017806	0.017726
9.140000	0.016515	0.018576
9.160000	0.013440	0.019251
9.180000	0.010622	0.019908
9.200000	0.009503	0.020506
9.220000	0.009075	0.020799
9.240000	0.008717	0.020312
9.260000	0.008445	0.018991
9.280000	0.007945	0.017115
9.300000	0.007527	0.014657
9.320000	0.008132	0.011145
9.340000	0.010209	0.006803
9.360000	0.010951	0.001471
9.380000	0.010138	-0.005416
9.400000	0.006165	-0.014325
9.420000	-0.004921	-0.022758
9.440000	-0.013777	-0.025495
9.460000	-0.019325	-0.026724
9.480000	-0.025759	-0.027122
9.500000	-0.030619	-0.026086
9.520000	-0.032563	-0.024760
9.540000	-0.030186	-0.023696
9.560000	-0.025380	-0.022469
9.580000	-0.019253	-0.021330
9.600000	-0.014008	-0.020300
9.620000	-0.010298	-0.019650
9.640000	-0.007705	-0.019896
9.660000	-0.006328	-0.020493
9.680000	-0.006514	-0.020685
9.700000	-0.005277	-0.019990
9.720000	-0.002693	-0.017608
9.740000	-0.000302	-0.012478
9.760000	0.003661	-0.006189
9.780000	0.008827	-0.000355
9.800000	0.014859	0.004252
9.820000	0.020350	0.007231
9.840000	0.023984	0.009000
9.860000	0.025514	0.009403
9.880000	0.025171	0.009578
9.900000	0.023228	0.010200
9.920000	0.020635	0.010579
9.940000	0.020466	0.010325
9.960000	0.023266	0.009830
9.980000	0.026095	0.009664
